NACA 22018                                      
 Alfa =   5.00000 Re =  1000000.000 Xflap,Yflap =     0.800000    0.003443
#    x        y        Cp  
   0.98741 -0.06642 -0.04746
   0.98370 -0.06403 -0.04841
   0.97766 -0.06015 -0.04990
   0.97097 -0.05587 -0.05150
   0.96351 -0.05112 -0.05321
   0.95519 -0.04584 -0.05504
   0.94590 -0.03998 -0.05697
   0.93554 -0.03348 -0.05901
   0.92406 -0.02633 -0.06110
   0.91145 -0.01852 -0.06318
   0.89776 -0.01010 -0.06512
   0.88311 -0.00117 -0.06659
   0.86767  0.00818 -0.06639
   0.85159  0.01784 -0.05558
   0.83502  0.02770 -0.10386
   0.81664  0.03838 -0.40843
   0.81032  0.04074 -0.53185
   0.80531  0.04181 -0.51751
   0.78575  0.04538 -0.49429
   0.76601  0.04891 -0.50344
   0.74617  0.05237 -0.51890
   0.72627  0.05577 -0.53853
   0.70634  0.05908 -0.56070
   0.68641  0.06232 -0.58467
   0.66650  0.06547 -0.60990
   0.64663  0.06853 -0.63653
   0.62680  0.07148 -0.66431
   0.60704  0.07434 -0.69293
   0.58736  0.07709 -0.72293
   0.56777  0.07973 -0.75382
   0.54827  0.08225 -0.78592
   0.52889  0.08465 -0.81884
   0.50963  0.08693 -0.85360
   0.49051  0.08907 -0.88920
   0.47154  0.09107 -0.92587
   0.45274  0.09292 -0.96406
   0.43411  0.09463 -1.00355
   0.41568  0.09617 -1.04503
   0.39745  0.09756 -1.08620
   0.37945  0.09878 -1.13066
   0.36171  0.09982 -1.17548
   0.34423  0.10069 -1.22221
   0.32705  0.10137 -1.27112
   0.31019  0.10187 -1.31979
   0.29369  0.10217 -1.37168
   0.27759  0.10229 -1.42402
   0.26191  0.10222 -1.47890
   0.24671  0.10196 -1.53500
   0.23203  0.10152 -1.59223
   0.21791  0.10091 -1.64793
   0.20439  0.10013 -1.71058
   0.19151  0.09921 -1.77237
   0.17929  0.09815 -1.83018
   0.16775  0.09698 -1.89732
   0.15690  0.09571 -1.95636
   0.14674  0.09436 -2.01697
   0.13724  0.09295 -2.08596
   0.12838  0.09149 -2.15709
   0.12012  0.08999 -2.24965
   0.11244  0.08846 -2.40727
   0.10528  0.08687 -2.58218
   0.09860  0.08523 -2.63360
   0.09235  0.08352 -2.68994
   0.08649  0.08177 -2.74103
   0.08098  0.07995 -2.79733
   0.07580  0.07809 -2.83508
   0.07092  0.07617 -2.86909
   0.06632  0.07422 -2.88168
   0.06197  0.07223 -2.90771
   0.05786  0.07020 -2.89987
   0.05398  0.06815 -2.89961
   0.05031  0.06608 -2.87550
   0.04684  0.06399 -2.85800
   0.04355  0.06189 -2.82114
   0.04044  0.05978 -2.78318
   0.03750  0.05766 -2.74675
   0.03471  0.05555 -2.70186
   0.03208  0.05344 -2.64158
   0.02959  0.05133 -2.59465
   0.02723  0.04923 -2.53328
   0.02500  0.04714 -2.46879
   0.02290  0.04506 -2.40875
   0.02091  0.04300 -2.33780
   0.01903  0.04095 -2.28164
   0.01727  0.03891 -2.21239
   0.01560  0.03690 -2.12705
   0.01403  0.03490 -2.06554
   0.01256  0.03291 -1.99422
   0.01118  0.03095 -1.91214
   0.00989  0.02900 -1.86451
   0.00869  0.02707 -1.75816
   0.00757  0.02516 -1.69153
   0.00653  0.02327 -1.59685
   0.00557  0.02139 -1.53309
   0.00469  0.01954 -1.44062
   0.00389  0.01770 -1.33473
   0.00316  0.01588 -1.26683
   0.00251  0.01407 -1.16602
   0.00194  0.01229 -1.07029
   0.00144  0.01052 -0.97526
   0.00101  0.00878 -0.86143
   0.00066  0.00705 -0.76114
   0.00038  0.00535 -0.64124
   0.00018  0.00366 -0.54330
   0.00006  0.00200 -0.42583
   0.00000  0.00037 -0.29464
   0.00002 -0.00124 -0.18803
   0.00012 -0.00288 -0.05729
   0.00031 -0.00452  0.05602
   0.00059 -0.00618  0.17974
   0.00097 -0.00783  0.30738
   0.00146 -0.00948  0.43018
   0.00207 -0.01112  0.54252
   0.00280 -0.01274  0.64629
   0.00365 -0.01433  0.74349
   0.00462 -0.01589  0.82822
   0.00572 -0.01741  0.88699
   0.00694 -0.01889  0.93667
   0.00828 -0.02032  0.97295
   0.00973 -0.02171  0.99056
   0.01130 -0.02305  1.00095
   0.01297 -0.02435  1.00156
   0.01476 -0.02561  0.99661
   0.01665 -0.02683  0.98416
   0.01866 -0.02802  0.97331
   0.02077 -0.02919  0.95338
   0.02300 -0.03034  0.93427
   0.02535 -0.03147  0.91711
   0.02783 -0.03259  0.89450
   0.03045 -0.03370  0.87641
   0.03321 -0.03482  0.85437
   0.03612 -0.03594  0.83735
   0.03920 -0.03708  0.81553
   0.04247 -0.03823  0.79194
   0.04594 -0.03941  0.77714
   0.04964 -0.04063  0.75512
   0.05358 -0.04188  0.73460
   0.05779 -0.04318  0.71178
   0.06230 -0.04454  0.69370
   0.06715 -0.04597  0.66933
   0.07237 -0.04747  0.64484
   0.07800 -0.04905  0.62072
   0.08407 -0.05072  0.59519
   0.09064 -0.05248  0.56424
   0.09772 -0.05432  0.53754
   0.10536 -0.05623  0.50354
   0.11356 -0.05820  0.46993
   0.12235 -0.06019  0.43691
   0.13174 -0.06216  0.40330
   0.14176 -0.06409  0.37174
   0.15241 -0.06595  0.34268
   0.16371 -0.06773  0.31806
   0.17566 -0.06942  0.29117
   0.18824 -0.07099  0.27080
   0.20143 -0.07244  0.24883
   0.21520 -0.07374  0.23187
   0.22953 -0.07489  0.21375
   0.24436 -0.07588  0.20192
   0.25968 -0.07670  0.18909
   0.27544 -0.07734  0.17850
   0.29161 -0.07781  0.16935
   0.30814 -0.07809  0.16246
   0.32503 -0.07820  0.15718
   0.34222 -0.07813  0.15335
   0.35971 -0.07788  0.15057
   0.37746 -0.07747  0.15016
   0.39547 -0.07689  0.14972
   0.41370 -0.07614  0.15151
   0.43214 -0.07524  0.15450
   0.45078 -0.07420  0.15804
   0.46961 -0.07300  0.16311
   0.48860 -0.07166  0.16881
   0.50774 -0.07019  0.17631
   0.52703 -0.06859  0.18410
   0.54644 -0.06687  0.19378
   0.56598 -0.06502  0.20419
   0.58562 -0.06306  0.21635
   0.60535 -0.06099  0.23009
   0.62516 -0.05882  0.24527
   0.64504 -0.05654  0.26328
   0.66498 -0.05417  0.28362
   0.68496 -0.05171  0.30759
   0.70496 -0.04915  0.33594
   0.72496 -0.04652  0.37030
   0.74493 -0.04380  0.41150
   0.76485 -0.04101  0.45839
   0.78466 -0.03816  0.50812
   0.79422 -0.03676  0.52821
   0.79899 -0.03605  0.53929
   0.80267 -0.03679  0.53230
   0.81004 -0.03827  0.51967
   0.82892 -0.04199  0.46901
   0.84731 -0.04554  0.41305
   0.86502 -0.04890  0.35978
   0.88186 -0.05203  0.31253
   0.89765 -0.05491  0.27129
   0.91223 -0.05752  0.23480
   0.92554 -0.05986  0.20191
   0.93758 -0.06194  0.17147
   0.94841 -0.06378  0.14312
   0.95812 -0.06541  0.11643
   0.96683 -0.06685  0.09005
   0.97468 -0.06813  0.06204
   0.98176 -0.06928  0.03528
   0.98611 -0.06997 -0.04746
